0.000000000000000000e+00 1.383409313260161588e-02 -4.057089925798287172e-02 -3.893780704036431395e-02 -2.637163536133701677e-02 -4.971736270386459787e-03 -1.290260394823663712e-02 -7.361400619054505289e-04 3.683812334897834250e-04 -5.741623729722811209e-03 -3.642075919918530500e-03 -2.383608665285844377e-03 3.468968955929083511e-03 -1.630646199881471753e-03 9.946937330331312097e-04 -9.717041468527836149e-04
5.000000000000000278e-02 -8.032348921586580925e-02 9.347685614482040273e-02 6.499889790995902472e-02 5.896104466756413136e-03 -4.837656335777679173e-02 -1.012213336392472733e-02 -5.062213960120382807e-03 -1.587193496085376881e-02 -1.321653786059493255e-02 -4.810813948602677033e-03 -2.890994404462581078e-03 -2.494319793598667734e-03 -4.325130579000502004e-03 -3.170414789521748197e-03 -5.147443645682441352e-03
1.000000000000000056e-01 1.255779773640223196e-01 -4.675211277767540863e-02 -7.227431965264632940e-02 1.333689981880276272e-02 -1.333502197765111877e-02 -2.342707276390874199e-02 6.789209418155249184e-03 6.804360396782850248e-03 -3.314984365039934031e-03 -1.526473221397006697e-02 -6.823841556139556910e-03 -1.162295253584550575e-02 -9.698946682362286423e-03 -8.642255380472236778e-03 -8.133916728185842937e-03
1.500000000000000222e-01 -8.147810679825759350e-02 -4.640819575871688030e-03 2.397594257091373651e-03 -7.494433605992963099e-02 -3.952894108610478796e-02 1.768438476685132987e-03 1.325936031578160007e-03 -1.493293305417286651e-02 -5.241645725271279303e-03 -1.699190438524697533e-02 -1.112989579904271817e-02 -1.719624861734809704e-02 -1.226568166679143160e-02 -1.499015454844883008e-02 -1.237461807463184453e-02
2.000000000000000111e-01 -1.870733135848290374e-03 -2.887181485816804963e-02 4.969726227788462403e-03 4.958914008225942527e-02 -3.581947809439487568e-02 -1.553821981571312620e-02 -1.137199988691542027e-02 -5.287872421150531868e-03 -1.406208898178305453e-02 -1.619688920722795258e-02 -2.145115483489784536e-02 -1.901921603757911888e-02 -1.650175630617554956e-02 -1.672821969638901493e-02 -1.651787338171730249e-02
2.500000000000000000e-01 4.755716836599593877e-02 -1.256757305075996145e-01 -2.588292848338051566e-03 -7.733671672904079974e-02 -1.386803191933523235e-02 -2.782500643420776631e-02 -2.069661973496939034e-02 -1.561099263456026953e-02 -1.078493182239220922e-02 -8.979036082460577564e-03 -2.731869963944507859e-02 -1.647957629152949771e-02 -1.668577682353277955e-02 -1.798952595214920597e-02 -1.660543863948208548e-02
3.000000000000000444e-01 3.572885422128602162e-02 1.996226366161951010e-02 -2.217096514044266525e-02 3.168370314302629276e-03 -8.413227661806890745e-02 -4.909590944351885367e-02 -3.532812146731900693e-02 -1.328822732276314922e-02 -2.037522980779202936e-02 -2.939158470889170760e-02 -1.996609380491770613e-02 -2.041860331971144180e-02 -1.712963602068633129e-02 -1.934586209960794181e-02 -1.913792667706137873e-02
3.500000000000000333e-01 4.902063078018881193e-04 -6.840725139827348589e-02 2.400317457651108058e-02 -4.487338322997443119e-02 8.383094441268175434e-03 -1.142949349988011537e-03 -1.399396779818432024e-02 -1.021613639652230697e-02 -1.666102974104466741e-02 -2.320086110943837474e-02 -3.034342700428066530e-02 -1.984963951405447485e-02 -2.262643560513930008e-02 -1.996213717786789535e-02 -2.118988530077246801e-02
4.000000000000000222e-01 -3.663721483595130946e-02 1.064486085950542699e-01 -3.801021457563653894e-02 2.235889603403291501e-02 1.672885045413605512e-02 -8.000884136248153158e-03 -3.595895494919336410e-02 -2.335831965086896528e-02 -2.096273242775862841e-02 -2.289398484352369104e-02 -2.262235105669418989e-02 -2.346455493920897653e-02 -1.939351932306657492e-02 -2.052665770739113202e-02 -2.304596628222202459e-02
4.500000000000000111e-01 1.617560596282116570e-01 4.196462904978012082e-02 -2.013643589977514095e-02 -8.494389430634594063e-02 -5.220637923359323224e-02 5.202049583350607659e-03 -3.537658264828158483e-02 -3.971666955767425011e-02 -5.760480137604906750e-03 -1.448350349527067864e-02 -1.249137042877394334e-02 -2.377128842270174666e-02 -2.013812813385998379e-02 -2.159264954128095951e-02 -2.113446304464933548e-02
5.000000000000000000e-01 -8.771576341151314515e-02 2.480648950500678740e-02 -6.073565480865680127e-02 -1.146002566016814453e-02 2.186190841358928716e-02 -1.263505271445490227e-02 -3.072415814391957212e-02 -1.693686472921714786e-02 -1.809741345520221936e-02 -1.826941003978647601e-02 -1.983951534621202634e-02 -2.339552324771496106e-02 -2.057406773230280317e-02 -1.821672435407645230e-02 -1.927728638316352286e-02
5.500000000000000444e-01 -1.336312574584245239e-01 -2.541195228462764244e-02 -2.824147201479641073e-03 1.317272348278810540e-02 -1.823895221029950275e-02 -1.659252942084420840e-03 1.359094448853630926e-02 -2.846293886202207191e-02 -1.996609385856595864e-02 -1.599878179393617733e-02 -2.729961803862032341e-02 -1.685488691831459745e-02 -1.851217792482411778e-02 -1.867773014749818036e-02 -2.058540618324221708e-02
6.000000000000000888e-01 -2.108330365871844136e-01 6.984763378409979129e-02 1.373290951868751456e-02 2.335669911085135053e-02 -4.358616115021633763e-02 -6.017643145022151877e-03 -2.266471972538670887e-02 -3.164883513000694981e-02 -1.447490056101039847e-02 -1.502850362836554224e-02 -1.808340132545156395e-02 -1.467550448172511360e-02 -1.464657399708418559e-02 -1.768543025131740637e-02 -1.782011645271978223e-02
6.500000000000000222e-01 2.298334249393922668e-02 7.687734616934001342e-02 -1.887001145870351865e-02 -2.553412408319796767e-02 -3.198968486483018403e-02 -3.205805549599856016e-03 2.954200263433459650e-03 -3.710049379249925894e-02 -1.804114184013035430e-02 -1.492478081464225156e-02 -1.422975946945150526e-02 -1.264754855829444517e-02 -1.403322084073886991e-02 -1.492420039786595751e-02 -1.338330511290368625e-02
7.000000000000000666e-01 6.330529169791554445e-02 -2.586761128001294555e-02 1.680108819013098262e-03 1.745727961829381808e-02 -1.632880594129646964e-02 -6.470655568385176235e-03 7.389180546298727142e-03 -1.890356964440664117e-02 -1.160878110545465226e-02 -6.322250350829895262e-03 -1.074150851412931061e-02 -9.457183260905711181e-03 -1.100398136435054054e-02 -1.145979241539725815e-02 -1.190386879114532261e-02
7.500000000000000000e-01 1.869637558691410184e-02 1.406605745814806518e-01 5.288231285484140676e-02 3.401683706394893758e-02 -1.551632393860296298e-02 -1.558159480976576555e-02 -8.651253702142244761e-03 -1.798042351799059198e-03 -1.394325502389248336e-02 -1.139663798414057745e-02 -8.131055182967299177e-03 -1.006146099325416418e-02 -6.828540556773647283e-03 -8.402325254893322146e-03 -8.076122630593408902e-03
8.000000000000000444e-01 -2.308979953400057128e-01 -7.344253771182732496e-03 -1.279732094088831436e-02 -3.395736007888364161e-02 8.959336751964587856e-03 1.041857986912230957e-02 -2.544997691862606673e-02 -2.133579468064899370e-02 -9.320582281024400798e-04 -1.155380561424947106e-02 -2.361171754765489274e-03 1.570699719736104102e-03 -5.231881848265271251e-03 -7.007513348969471312e-03 -4.290403064680272348e-03
8.500000000000000888e-01 4.057824325869473225e-02 -7.841691429347286135e-02 5.001329970170029920e-02 4.459282549449680721e-02 8.492762914780389418e-06 1.805137284342572335e-03 -1.039461913438255967e-02 9.182367980012431105e-04 6.515892465593266757e-03 8.606259888846297347e-04 9.696203011159312650e-04 -2.077406960275674907e-03 4.964663152763027290e-03 -1.442931210819287400e-05 6.069863946261968516e-04
9.000000000000000222e-01 -9.919319868963973053e-02 -1.536459466239672444e-01 -3.263633905566915711e-02 -1.189671840712527504e-02 3.053638073205262177e-02 3.214160400973700704e-02 1.063262419170636717e-03 -6.295795326199700795e-03 1.322941906349361235e-03 3.790932030168098384e-03 3.586501081559445581e-05 5.360750969791596918e-03 6.673477354712936682e-03 4.348495792175317495e-03 7.114992856757118914e-03
9.500000000000000666e-01 1.149703370575903272e-01 -3.944086249483256396e-03 5.677612067190661305e-02 1.021866885119549762e-01 3.172655393758265496e-02 6.121338608629512540e-02 1.146872704302773563e-02 1.231866761184404607e-02 1.382900809891968001e-02 1.370057556413652004e-02 5.704095583763627020e-03 5.929278370486795388e-03 1.322420057901400360e-02 1.032598152829792247e-02 7.577614433566165486e-03
1.000000000000000000e+00 7.788375642053710357e-02 -4.158235510353017889e-02 -1.898372819918726917e-02 6.061187360716500938e-02 -6.904602022843358416e-03 4.939951793772359018e-02 3.228323146855961723e-02 1.800552198219475264e-02 4.766845304544655576e-03 1.498485735885667774e-02 1.451740633975039108e-02 1.661368075947032910e-02 1.322907613187968533e-02 1.440864706310525378e-02 1.570665503049101588e-02
1.050000000000000044e+00 -7.840876739370347681e-02 -4.966379972953552380e-02 9.293002751955846408e-02 5.730446694834569893e-02 1.901324023825547160e-02 -8.102216868880979944e-03 1.749537536368563420e-02 1.559675150779385629e-02 1.499815693141230352e-02 2.312836157406134713e-02 1.803560569692366777e-02 1.913930167307881930e-02 2.310834281488783476e-02 2.257941121720980632e-02 2.182621289440378476e-02
1.100000000000000089e+00 -1.820060083458072131e-01 5.496229710786898481e-02 3.534481283992687434e-02 1.592728063833805802e-02 5.905900158748179224e-02 2.390454559123339137e-02 4.485786585942527077e-02 2.817335198040082922e-02 3.261662006587268126e-02 1.849282517565308329e-02 2.709881721211217231e-02 2.183589061506061718e-02 2.769567281312741713e-02 2.510484283529948804e-02 2.882340022999158383e-02
1.150000000000000133e+00 -7.754976865767346239e-02 6.031289777391556084e-02 3.376639552333134120e-02 2.869391774586381449e-02 1.935002000932938351e-02 4.170607568286684858e-03 2.488266027728937291e-02 3.191779216223721710e-02 4.293120698574078020e-02 3.301710606628588396e-02 3.458780398645573684e-02 3.510914567687097726e-02 3.232835155352899170e-02 3.433395230108127888e-02 3.269480853138615611e-02
1.200000000000000178e+00 1.913092110025525483e-01 1.251946187470928118e-01 7.479612139129276915e-02 6.445031696325426163e-02 4.984889678502309185e-02 6.087374579221936644e-02 5.124277538253261405e-02 3.026169172072715186e-02 3.814017139863935812e-02 4.593140418937582264e-02 4.462712821096131988e-02 3.980916374367165361e-02 4.159801145872907974e-02 4.378739767852384002e-02 3.997352889821366440e-02
1.250000000000000000e+00 -3.816654079352657658e-02 6.214516192564800007e-02 4.427831123404166180e-02 7.538565580990094772e-02 1.886948176675640881e-02 2.792423944580683590e-02 5.556556705179106770e-02 3.420960260847550477e-02 5.345744117958070585e-02 5.036835225496984203e-02 4.800876766104333199e-02 4.873980132079770711e-02 4.775936383993327483e-02 4.602666271438134171e-02 4.953638640042220403e-02
1.300000000000000044e+00 1.494543343273976310e-01 1.549995379930618755e-01 -9.892255813496286798e-03 6.233048271514810695e-02 4.812046200898260212e-02 6.115069317227149470e-02 5.725533208193431950e-02 5.163009351689607646e-02 5.634437864362190629e-02 6.233577697281936225e-02 4.978067981590472701e-02 4.893723630979020245e-02 5.397034521694515224e-02 5.633261846280879920e-02 5.600519029201361104e-02
1.350000000000000089e+00 1.748161287878649550e-01 7.049216709353615939e-02 4.309016941937440781e-02 8.273418334626356230e-02 2.150993508915023666e-02 4.552906674825201588e-02 7.546844064174107469e-02 7.474455867656530639e-02 8.354847029271406100e-02 6.743598865109726170e-02 6.407060699775540824e-02 6.793598437804082568e-02 6.200716816934100789e-02 6.234218252500440399e-02 6.325367315021922232e-02
1.400000000000000133e+00 2.992166908633820954e-01 1.121699023035131193e-01 3.574467252247746918e-02 1.309804326702636301e-02 5.463033147522540489e-02 7.041865399659276437e-02 6.135491002140033151e-02 7.207674273837938461e-02 6.353015979138701419e-02 7.157441276600615132e-02 7.247864590714468702e-02 6.813649044296239687e-02 7.383251430278221783e-02 7.027775591220043749e-02 7.212694277686761135e-02
1.450000000000000178e+00 4.018825054640283445e-02 2.162656991665571349e-01 4.287785969225733212e-02 7.311719129958664520e-02 1.014543009119607125e-01 8.070678168955011667e-02 8.457542482190591460e-02 7.033637950428502095e-02 8.371276429211005343e-02 6.074780150726147299e-02 8.086484845391192500e-02 8.074071473475076532e-02 8.043993960698321566e-02 7.958002682826294250e-02 7.716199880935846467e-02
1.500000000000000000e+00 4.207462893757848987e-02 -2.200871755328634438e-02 2.069208198600690773e-01 1.035194720787219608e-01 1.849828739670970890e-02 8.209254339426477753e-02 9.212917761018550589e-02 5.410837169549284620e-02 8.780525046444942472e-02 8.901032167472884560e-02 9.153492382368802471e-02 8.438403492762341918e-02 8.774765291521803567e-02 8.746699134987451218e-02 8.563333334456148249e-02
1.550000000000000044e+00 5.023508218491354316e-02 1.365479182475387021e-01 9.660013891041570322e-02 1.737397186662100190e-01 7.039359448092619154e-02 6.517313612759187413e-02 9.149518579688396824e-02 9.428283064990579387e-02 8.338713199191390146e-02 1.030758426992096494e-01 8.923884200620835205e-02 9.090028447604585338e-02 9.333046216161602904e-02 9.396088733278035177e-02 9.242542778815858451e-02
1.600000000000000089e+00 -8.354971084606768739e-03 5.419490515667814423e-02 9.384435945319551109e-02 1.141900619851768522e-01 7.310627488289352105e-02 1.076511173720287179e-01 1.069781115223763096e-01 9.543300252237839343e-02 9.813097820145895434e-02 1.023616148797974190e-01 1.069156240092050542e-01 1.008643353968299017e-01 1.020645275282024145e-01 1.004652427657213576e-01 1.034429827766844417e-01
1.650000000000000133e+00 1.504260649557344343e-02 1.054497580433884224e-01 7.034384139381938406e-02 7.954809216488133161e-02 7.299366491332784368e-02 7.701947036215368858e-02 1.485754646582049809e-01 1.024534813977499015e-01 9.435247398772096672e-02 1.132925547655002363e-01 1.098099869081139573e-01 1.073900856441703106e-01 1.088589958761777554e-01 1.095637990419271179e-01 1.085052224102305840e-01
1.700000000000000178e+00 2.782420852314902993e-01 2.679262866790656228e-02 1.271823410040733848e-01 8.349313939991964695e-02 1.283338949686904373e-01 1.386458582048301913e-01 1.218240412751588619e-01 1.045390759999712815e-01 1.097236559135161688e-01 1.134414211687957835e-01 1.157934581161115112e-01 1.170294450855277613e-01 1.200951601494338328e-01 1.180374590162596576e-01 1.176887051099156783e-01
1.750000000000000000e+00 2.227983816496289515e-01 7.084902330072079257e-02 1.082947328774220563e-01 1.431452869215259216e-01 1.142459191274605712e-01 1.038817957769929828e-01 1.218358491881155886e-01 1.222104022320302796e-01 1.236540947294001852e-01 1.246292684320076810e-01 1.275559448241593008e-01 1.253085009877168143e-01 1.248116917849554364e-01 1.233108844454468694e-01 1.258165261864476192e-01
1.800000000000000044e+00 -3.142225890343336436e-02 1.615249105837824606e-01 1.448685409071513996e-01 1.201275727073862626e-01 1.831372557387483668e-01 1.098442884376629319e-01 1.186353505572207701e-01 1.286585989350744752e-01 1.379594522763681608e-01 1.423712958333759604e-01 1.324357201678019458e-01 1.280080822614812208e-01 1.290877487364411047e-01 1.321925422981730935e-01 1.338058493626980150e-01
1.850000000000000089e+00 1.948390086312138114e-01 2.472737568922736273e-01 1.494925494621307804e-01 1.124588064140992910e-01 1.625409612909612944e-01 1.200747759472435700e-01 1.270088932930526215e-01 1.486341331307840796e-01 1.350733147869837281e-01 1.342331711169111041e-01 1.363389807113484509e-01 1.356648551046960305e-01 1.421170719944382099e-01 1.401513969787271663e-01 1.402288454620509162e-01
1.900000000000000133e+00 9.970371885344608831e-02 1.097337704003932823e-01 1.415567390135530068e-01 1.329119055284528894e-01 1.121879146408555072e-01 1.274158117989267758e-01 1.325496994701500508e-01 1.413488120393149583e-01 1.621933581094684440e-01 1.471202193468438557e-01 1.426264135790218934e-01 1.473273300875030944e-01 1.487696041685319659e-01 1.453152364815200048e-01 1.460178095508126161e-01
1.950000000000000178e+00 1.900669417271327322e-01 -1.778486960639336090e-02 2.073940917898133285e-01 1.499916943761869237e-01 1.643003313977406121e-01 1.322349420474299708e-01 1.354756789268897754e-01 1.457045502778956392e-01 1.636729198098774429e-01 1.559750018526671611e-01 1.535830250179740786e-01 1.537198890588188094e-01 1.532347944300831155e-01 1.557814942181903750e-01 1.518195176958580805e-01
2.000000000000000000e+00 3.020439338916056649e-01 1.623047883614796572e-01 1.896748031900395148e-01 1.804467883672467299e-01 1.523842728855233919e-01 1.664916696895816228e-01 1.636623113309437216e-01 1.764316844375670990e-01 1.504673940133898213e-01 1.687285523279332400e-01 1.641799819555784246e-01 1.603871927030797173e-01 1.591289022978998047e-01 1.606916200308807496e-01 1.621026112076371650e-01
2.050000000000000266e+00 2.899844637479264131e-01 2.306598906512782599e-01 1.595232296671347527e-01 1.483619609914246240e-01 1.387035430108681799e-01 1.916824385368319228e-01 1.609728242176311774e-01 1.753327301089826484e-01 1.716397406817009308e-01 1.656449559095088397e-01 1.668942444545754300e-01 1.671558093896940989e-01 1.656058218501040291e-01 1.675951319715231758e-01 1.667699294643140706e-01
2.100000000000000089e+00 -2.816229752959642507e-02 1.611870715730532033e-01 1.124249188693445534e-01 1.776044328911056958e-01 1.005149363404631985e-01 1.770760390581356813e-01 1.824267931709309676e-01 1.692812042489932056e-01 1.667275010461796436e-01 1.725009478706396870e-01 1.814880354893947667e-01 1.777461317362684090e-01 1.726923211664613544e-01 1.742068277285814260e-01 1.745926457506352114e-01
2.149999999999999911e+00 1.626828079911472602e-01 1.706215718939050885e-01 2.004356600440631853e-01 1.501822433217984420e-01 2.296715065082239882e-01 1.703650919286237575e-01 1.852117914441976654e-01 1.721737890005241023e-01 1.742912848904336065e-01 1.803225349890431317e-01 1.781459749869006570e-01 1.820574500358989878e-01 1.792180268383883335e-01 1.775462015196431764e-01 1.785180955199445196e-01
2.200000000000000178e+00 3.114974598664568828e-02 1.693051243592992861e-01 1.774364814532346235e-01 2.126984693076570121e-01 1.637187846875384767e-01 2.063037011197590975e-01 1.674603713639497837e-01 1.664529733014067370e-01 1.928952106551326262e-01 1.844590183519443372e-01 1.894458221352757210e-01 1.814571846890885853e-01 1.855494487213373012e-01 1.844737126913943981e-01 1.837920482596912264e-01
2.250000000000000000e+00 1.781617581418897533e-01 2.891614877177486331e-01 2.399184107447099867e-01 1.369981063572758839e-01 2.396702871019302239e-01 1.575869039784665859e-01 2.121802097616774518e-01 1.903776927876633662e-01 2.014110164005510351e-01 1.893583223834529594e-01 1.872474442074954226e-01 1.916009136900643783e-01 1.892347592585969518e-01 1.897843372173114718e-01 1.889916151821179613e-01
2.300000000000000266e+00 2.469574248074295486e-01 2.225490767941324388e-01 1.826148557401230943e-01 1.568290091134968145e-01 1.955061210139840133e-01 2.067908081875030335e-01 1.913616504279329888e-01 1.983398852644080723e-01 2.026816791919169303e-01 1.957620252472022648e-01 1.931589334583372064e-01 1.970251284212781173e-01 1.901568237790774440e-01 1.930732946291267849e-01 1.933727669228715307e-01
2.350000000000000089e+00 2.854066652863671560e-01 1.849798661418855239e-01 2.187385410636289995e-01 1.531372325080825325e-01 1.584932682890643485e-01 1.867846842316566724e-01 2.006964054628951333e-01 1.879176216918142794e-01 1.926376227898771443e-01 2.026411585285975148e-01 1.947641641008175384e-01 1.931050613577519059e-01 1.983992308186929010e-01 1.975191718668671270e-01 1.985890815171116319e-01
2.400000000000000355e+00 2.670237761731938941e-01 1.789205744173152646e-01 1.981656564019481093e-01 1.954322783110154504e-01 2.063442045074074527e-01 2.034299258261879351e-01 1.876000193393695670e-01 1.959912944311828220e-01 1.960836253647062488e-01 1.975423191714379689e-01 2.009297844929583132e-01 2.000843096762192075e-01 2.014030630582351600e-01 1.997451055248179175e-01 2.014094890289540585e-01
2.450000000000000178e+00 3.204066634840065375e-01 2.143151029203291813e-01 1.462769813921669382e-01 2.284678741955543657e-01 2.145137358267337757e-01 2.346513930320011654e-01 2.021310728924746170e-01 2.208422848648880499e-01 2.075757167608306697e-01 2.075862339220083952e-01 2.042515261109613955e-01 1.976367704663894720e-01 2.040766428423185230e-01 2.020546283862866277e-01 2.027122457304114389e-01
2.500000000000000000e+00 -9.798321832332135273e-02 1.965821379205513475e-01 9.224725559526306129e-02 1.805780340532782136e-01 1.803683138476105952e-01 2.213727275029280517e-01 1.800987086679903815e-01 2.166227368755300198e-01 2.059634509812602599e-01 2.054116076112094957e-01 2.076568170774353850e-01 2.089454936728853685e-01 2.081328959933253231e-01 2.041862037980310129e-01 2.045002046069274715e-01
2.550000000000000266e+00 3.396074118946624809e-01 2.081489938844462706e-01 2.293874113726093733e-01 2.432361526045301869e-01 2.443031363562836178e-01 2.196098869060538472e-01 1.963373687728115213e-01 2.135764381709124027e-01 2.024861848488146154e-01 2.020747367023641161e-01 2.034974830053864758e-01 2.122723749475849409e-01 2.096585501994028822e-01 2.079106628421705238e-01 2.089917005090227431e-01
2.600000000000000089e+00 1.702213199770885865e-01 1.242442263905680216e-01 3.313714483396560939e-01 2.140036103284674585e-01 2.072212147352546774e-01 2.066626091803062670e-01 2.142140591108613046e-01 2.083050645718987348e-01 2.075342948359312212e-01 2.050791881035990138e-01 2.032504061461567479e-01 2.084902740016277289e-01 2.059171402100253012e-01 2.073332098178740091e-01 2.096406448981625037e-01
2.650000000000000355e+00 1.994094640741531643e-01 1.231655329189651760e-01 1.665097324729588324e-01 2.284320114754301856e-01 2.548689314636190528e-01 1.933746314260348376e-01 2.142855148470748650e-01 2.246726261350930898e-01 2.128890430134492140e-01 2.010053835518403609e-01 2.084607880924687073e-01 2.113606287286287910e-01 2.080511751471479931e-01 2.089286395270710806e-01 2.086868011950846202e-01
2.700000000000000178e+00 1.919194867456612275e-01 2.711802514880332637e-01 2.674863018071101939e-01 1.461640637084833383e-01 1.668274490251766273e-01 1.837405752359229094e-01 1.942013754775547829e-01 2.165954891188203169e-01 2.122098867315021231e-01 2.178208530273512689e-01 2.079968598717010231e-01 2.149043744865219152e-01 2.099209087554263775e-01 2.083797670876339769e-01 2.114497306150435740e-01
2.750000000000000000e+00 1.847273078696258231e-01 2.508371543986949170e-01 1.604891113552559534e-01 2.092826995561024861e-01 1.890265241578117372e-01 2.022443473379742784e-01 2.086746944030381801e-01 2.127557754836517101e-01 2.196129097061340352e-01 2.047702254189522342e-01 2.138812645807681156e-01 2.069289545828757182e-01 2.075632942335435827e-01 2.096364827351457627e-01 2.089660741782859987e-01
2.800000000000000266e+00 3.458715936434819671e-01 1.616254317726158185e-01 1.642655600519904446e-01 1.633732340328151733e-01 2.769590223364266079e-01 1.853479062167809055e-01 1.976925995353510102e-01 1.920009038952646685e-01 2.081130853221739851e-01 2.110538526679923976e-01 2.061901196565671390e-01 2.118727287285230299e-01 2.050323571288321101e-01 2.066824719776323982e-01 2.085944820223213092e-01
2.850000000000000089e+00 6.276175615182189027e-02 2.418172538532954718e-01 2.227068411015422356e-01 2.398048425104588877e-01 1.808894734555990813e-01 2.073632109096273102e-01 2.008533998244291241e-01 1.923737845794178392e-01 2.030975255884756026e-01 2.073261848652854233e-01 2.080070842810010368e-01 2.053975812171784932e-01 2.049632722529352025e-01 2.075244955273105596e-01 2.040852712262799240e-01
2.900000000000000355e+00 1.492133715854198350e-01 1.815534425546511677e-01 1.737462488061817245e-01 1.753625080147479531e-01 2.034482095398195411e-01 2.073078865936812953e-01 2.146768134867892419e-01 2.194696110311138426e-01 2.114151189896483762e-01 2.065030111463281859e-01 2.049326093329768561e-01 1.987087479636415188e-01 2.048729357125560202e-01 2.036517331600765091e-01 2.027686967975275145e-01
2.950000000000000178e+00 1.343059887671581576e-01 3.852970257825764633e-01 1.682814239555575353e-01 1.740374584520838208e-01 2.015201653677538840e-01 2.107031110357831527e-01 1.949278872907135862e-01 2.045474824551398729e-01 2.068249072102173181e-01 1.953431622131135414e-01 1.993034787386653850e-01 2.048286655173452431e-01 1.992198567545738208e-01 1.974383566696350789e-01 2.004212318221392231e-01
3.000000000000000000e+00 1.071983062167873313e-01 1.844056624777073716e-01 2.472867421957855583e-01 1.812439098760987854e-01 1.740072145076758114e-01 1.874425849534300803e-01 2.011745196005777225e-01 1.771864391800744287e-01 1.968897990494619388e-01 1.912619303969188000e-01 1.961791905930247715e-01 1.941119353687888183e-01 1.959401739923054830e-01 1.924940959270840524e-01 1.950823239706910572e-01
3.050000000000000266e+00 2.076753950509754587e-01 1.004680965829821276e-01 1.425598742122651252e-01 1.695490975809391121e-01 1.750601362351084378e-01 2.235503979384060869e-01 1.807062083072201175e-01 1.952537765111473922e-01 1.813841121858369709e-01 1.723945374134062958e-01 1.935886032636952858e-01 1.877698221604781614e-01 1.909111685138051295e-01 1.924491096228128362e-01 1.903541461736054652e-01
3.100000000000000089e+00 1.924691303363410266e-01 3.350663679511958204e-01 1.802220155438638005e-01 1.139914157379926102e-01 1.995849044669412709e-01 2.078789932539195362e-01 1.867603534598588633e-01 1.789237779339196144e-01 1.931192090957557506e-01 1.805664212343740804e-01 1.826345832839375016e-01 1.884315450712921447e-01 1.855240501894244720e-01 1.859899232057637131e-01 1.845866921758312351e-01
3.150000000000000355e+00 2.416487537198537261e-01 1.330716915202695971e-01 1.517482052841170048e-01 1.413480227570581282e-01 1.623555525442875458e-01 1.732456822453213030e-01 1.887170128866509089e-01 1.675099346909529885e-01 1.897916093750748323e-01 1.785534923027752019e-01 1.756201829076144139e-01 1.813026736659444915e-01 1.785705246848203476e-01 1.788346191887260628e-01 1.783752448851581296e-01
3.200000000000000178e+00 9.955642881307404102e-02 2.537056956100814387e-01 1.758669801833070701e-01 2.195891764544324887e-01 1.893225911573805653e-01 1.551340006788290149e-01 1.679712008961950775e-01 1.769547813207099640e-01 1.584685485753719314e-01 1.687274463372969990e-01 1.734986388524441814e-01 1.718876822928560311e-01 1.712578592681382184e-01 1.708120746432481574e-01 1.731344644996258009e-01
3.250000000000000000e+00 6.605263408045142226e-02 1.946755187034914514e-01 1.517852311348033556e-01 2.003922975391304595e-01 1.718060152750280067e-01 1.703770959538511431e-01 1.621849704356572441e-01 1.804746759613425899e-01 1.729847027578124419e-01 1.718825313955938128e-01 1.699260153675235807e-01 1.657000624534165911e-01 1.632081458175508315e-01 1.649983877515627251e-01 1.631775348913390433e-01
3.300000000000000266e+00 1.767510641263978499e-01 2.459884323876577461e-01 1.720579031886920185e-01 2.648005291142743745e-01 1.283245487741933033e-01 1.318510720194780161e-01 1.760954961798518181e-01 1.601602051577267205e-01 1.625467964681249766e-01 1.639074382208529079e-01 1.479050401225638078e-01 1.584960398776008583e-01 1.557090818677232813e-01 1.542198746332738291e-01 1.562921423596626003e-01
3.350000000000000089e+00 1.475750998131672431e-01 1.086495633087131013e-01 1.208196455887532439e-01 4.735631378985868944e-02 1.482608776562061581e-01 1.415944586261141391e-01 1.517556493086741065e-01 1.498834141423675825e-01 1.368419099138965256e-01 1.443759288212202729e-01 1.433925449592334533e-01 1.482733742037918023e-01 1.470585848146437891e-01 1.451226895906736758e-01 1.478316474097346733e-01
3.400000000000000355e+00 2.630207335623228060e-01 3.864588026945331434e-02 1.847408260113839740e-01 7.883272594617611595e-02 1.429636163818072681e-01 1.180943750814050924e-01 1.589616155572475820e-01 1.568726494783583836e-01 1.411239626776759626e-01 1.275225371348764070e-01 1.448027606144907109e-01 1.391238502813440248e-01 1.388966679657737402e-01 1.352087306385642840e-01 1.367633467012609183e-01
3.450000000000000178e+00 6.319885148227898097e-02 7.796031607208478431e-02 1.637401939654626604e-01 4.775446388185239366e-02 1.574206749882154088e-01 1.275558199859139208e-01 1.473994585770385390e-01 1.137584051750762937e-01 1.354263996130473657e-01 1.247842169076688462e-01 1.213630144043430642e-01 1.285774138790525267e-01 1.214378809272953913e-01 1.258305879934298321e-01 1.256253413462367352e-01
3.500000000000000000e+00 2.461047236087521572e-01 1.085589915133984840e-01 8.930889301771449684e-02 1.299563739908203286e-01 6.334991774262072051e-02 7.983025638091159615e-02 1.288211688737255778e-01 1.278394670246888187e-01 1.142548037425725888e-01 1.055039719870715098e-01 1.101885937376621272e-01 1.118391381814725360e-01 1.114713545182456356e-01 1.164690301220266816e-01 1.116361518208926762e-01
3.550000000000000266e+00 -1.082443757683977104e-01 7.313304366915346355e-02 1.394160405572812678e-01 6.505424894028727367e-02 7.789144843601863988e-02 1.190647251002329154e-01 7.940970277568185076e-02 1.072174267600597558e-01 1.056974260063508336e-01 1.022317537964211182e-01 1.026796968574542057e-01 1.016474745650435274e-01 1.035684675150731066e-01 1.019438474066916844e-01 9.925104860158855125e-02
3.600000000000000089e+00 3.773769029284385762e-02 8.235717248176158134e-02 1.340460135055819013e-01 5.049448042282874555e-02 6.444850467452931109e-02 6.684449723054038117e-02 1.023094552822023107e-01 7.411817110259584507e-02 1.056970814996541774e-01 1.004556668209361653e-01 8.094437124006020889e-02 9.112279851811162790e-02 8.906576346886944939e-02 9.041306356379111286e-02 9.030954378000294325e-02
3.650000000000000355e+00 1.610358995791226211e-01 -3.336884720534424864e-02 3.071293222038875420e-02 1.011813253043209043e-01 9.095420624299284384e-02 2.607765846856681391e-02 8.787772175849539735e-02 7.742627369505469814e-02 7.221026381297497576e-02 7.223765951225222248e-02 7.642382742365214088e-02 7.256676414932866637e-02 7.457608634620145616e-02 7.676979611151019123e-02 7.651775205843212857e-02
3.700000000000000178e+00 1.606442790511858898e-01 1.690699721224709490e-02 -6.404379000838200664e-02 1.460861319348123744e-02 7.494668994216027724e-02 7.711265170334336005e-02 3.724714488155531772e-02 6.239760276366272673e-02 7.401395675816420383e-02 5.669289732091332273e-02 6.706772105351944957e-02 6.113422704761081045e-02 6.172014783226185269e-02 6.198103629105402440e-02 5.925379967529099956e-02
3.750000000000000000e+00 2.514711969035299255e-02 -5.849005974058442414e-03 -8.838182063554168855e-03 1.024520298362088799e-01 4.338789370137498963e-02 3.819940912017962681e-02 2.958799270935545331e-02 3.354576866295036486e-02 4.891150420806009841e-02 5.522071000959674625e-02 4.808689848202619965e-02 4.735507431633398379e-02 4.717845895115697907e-02 4.630604653331485410e-02 4.625294694420352404e-02
3.800000000000000266e+00 5.250093721751770970e-02 -8.270631371457021208e-02 3.237788186628908632e-03 -5.788611577807294128e-03 2.661711401516640013e-03 3.616712504817543028e-02 5.669731894906125669e-03 3.024823115538639862e-02 3.206808821689724476e-02 3.262310960116610731e-02 2.798171150861402182e-02 3.213457060392958808e-02 2.916330914514586592e-02 3.017012270196655147e-02 3.184933270255891485e-02
3.850000000000000089e+00 -1.540771226808522743e-01 7.582605750797952182e-02 -1.500820720525566226e-03 2.733976607352389329e-02 -1.009817841230413807e-02 7.369225784697672373e-03 -1.161688117249477098e-02 9.271590480725247496e-03 1.969963281742411268e-02 1.322291830132191898e-02 8.744099640521928868e-03 1.234471631969464092e-02 1.503119131850307391e-02 1.489017380246690329e-02 1.495664463479568808e-02
3.900000000000000355e+00 7.290810023780976146e-02 2.224184677539532695e-02 -1.486822614520698881e-02 -4.806769080391418841e-02 -5.030391439319053734e-03 -3.408579819567664204e-02 -1.081899714519459627e-02 -1.001624059120667654e-02 -5.510367413727094640e-03 1.122682369994898281e-03 2.746839525999164415e-04 -8.820395368003100187e-03 -2.905502084933758722e-04 -4.126652297524901168e-03 -2.068267627610784892e-03
3.950000000000000178e+00 3.181894117214251194e-02 -7.662402358717754214e-02 5.812361791381229909e-03 5.258138290240247509e-03 -3.390161207829077428e-02 3.924487801520642333e-03 -5.555048606377338896e-03 -3.126571987867544228e-02 -2.241736002374893760e-02 -1.387252451141698928e-02 -1.786292532820370552e-02 -1.988804324927278752e-02 -2.035945446577496626e-02 -1.673921501206561760e-02 -2.071541212782529451e-02
4.000000000000000000e+00 -9.570970942052797747e-02 -1.697201502588633337e-01 7.372352228772921512e-02 2.635327128710662770e-02 -1.223798964453723381e-02 4.525636405017074981e-03 -4.281723990134001651e-02 -4.021531246117989594e-02 -3.028632604032218192e-02 -2.932660500880219373e-02 -3.746703079611627546e-02 -3.868829621503783178e-02 -3.802149655588681759e-02 -3.867091971161790154e-02 -3.651265363945045694e-02
4.049999999999999822e+00 -1.480617327953532847e-01 -8.314176123355238035e-02 1.170515107318274850e-02 -3.324732503352138130e-02 -9.400807729694241055e-02 -3.270721918641633641e-02 -5.817438675856619751e-02 -6.262354281243712184e-02 -6.094529657373738696e-02 -5.359286808541328939e-02 -5.593215725611771355e-02 -5.224498654744477721e-02 -5.810018681175273952e-02 -5.506025286577156952e-02 -5.727902875930553084e-02
4.100000000000000533e+00 2.604574535600835683e-02 -1.030214442003694886e-01 -2.761710529264122665e-02 -7.096456308949307401e-02 -4.623366389190279591e-02 -7.011092756160415551e-02 -5.914295457364319997e-02 -6.440025329804170695e-02 -7.456611606393370728e-02 -7.427253492365015752e-02 -7.637399704414363222e-02 -7.616982586731371740e-02 -7.569863882391765497e-02 -7.428523394332817165e-02 -7.479338148923897478e-02
4.150000000000000355e+00 -1.804346936198422680e-01 -9.413451873628321531e-02 -1.202906575445240323e-01 -8.268041775953291483e-02 -8.553708123045714040e-02 -7.757084168742270358e-02 -9.082001066294605185e-02 -8.836151139097708773e-02 -9.508206851499978463e-02 -9.413206488252401360e-02 -9.618562843989894584e-02 -9.421198898493185481e-02 -9.473840387097563764e-02 -9.404386214080988349e-02 -9.645329980589126273e-02
4.200000000000000178e+00 -7.493050488770058859e-02 -1.405727153034418420e-01 -6.962853822979767071e-02 -4.479397508527105387e-02 -7.538885469913730875e-02 -1.025392301993457850e-01 -1.083064208299767128e-01 -1.147975951292090208e-01 -1.067374053054326033e-01 -1.239577471316301305e-01 -1.139499433523275540e-01 -1.139974594368867583e-01 -1.176492169506769825e-01 -1.160292326074938291e-01 -1.144747654338895693e-01
4.250000000000000000e+00 2.148962936418954972e-02 -3.130233450189058575e-02 -9.224153589243867801e-02 -6.998012526910889208e-02 -1.176375088350706533e-01 -1.293917702122884261e-01 -1.202781423998310895e-01 -1.546697842713144755e-01 -1.235862891236444161e-01 -1.427431891945544484e-01 -1.399316260668717893e-01 -1.368367676442859560e-01 -1.309413845114604791e-01 -1.329164890646859498e-01 -1.361177075305329554e-01
4.299999999999999822e+00 -2.777581103969278820e-01 -2.051775029812860640e-01 -1.653063239343774138e-01 -1.105634729034499775e-01 -1.492095206879700264e-01 -1.836321155858656740e-01 -1.725945807641351970e-01 -1.558214001157137152e-01 -1.526526431761319469e-01 -1.536614696593014973e-01 -1.549411517693831675e-01 -1.554751462959234332e-01 -1.563394259390882002e-01 -1.553628901574527765e-01 -1.569886900891348247e-01
4.350000000000000533e+00 -6.158080683113409393e-02 -2.229743256233391036e-01 -1.805361228814431618e-01 -2.078963155415541886e-01 -2.303145836984047956e-01 -1.681480541722830957e-01 -1.730591771634912290e-01 -1.812780671407751287e-01 -1.838982925299655347e-01 -1.752356811589289576e-01 -1.823477559138686477e-01 -1.810386371986120180e-01 -1.805210122673427398e-01 -1.781967522868738163e-01 -1.787877796811442599e-01
4.400000000000000355e+00 -3.267319923224489275e-01 -3.373797408449488167e-01 -1.330972994869351611e-01 -2.219699700981254686e-01 -1.946991784736436804e-01 -2.189751161596374951e-01 -2.236324368576242116e-01 -1.869809430715026755e-01 -2.109025160698266843e-01 -2.056517340991191323e-01 -1.965448300335859710e-01 -1.942010267477782826e-01 -2.015900065087703197e-01 -2.021188039722940921e-01 -1.976261773060951077e-01
4.450000000000000178e+00 -2.370633485689785380e-01 -3.658913364743403562e-01 -2.713764303563755420e-01 -2.720871942531890575e-01 -2.118432872153888646e-01 -2.238880184113077876e-01 -2.444033677822551043e-01 -2.211800916845883813e-01 -2.228121347448647760e-01 -2.172437718289366992e-01 -2.226851741581108435e-01 -2.180774936055081270e-01 -2.191354027785158698e-01 -2.211034413282202127e-01 -2.213372805066359528e-01
4.500000000000000000e+00 -2.758216688156897578e-01 -3.367910462770409286e-01 -3.147053802792429966e-01 -2.699368206798538061e-01 -2.235982467838812937e-01 -2.511598957668514931e-01 -2.508784498648036210e-01 -2.502885219678493978e-01 -2.373800542950567360e-01 -2.451991111944769319e-01 -2.452495677115230366e-01 -2.442152195844589924e-01 -2.437603791961366062e-01 -2.453493316383560663e-01 -2.437117043761890256e-01
4.549999999999999822e+00 -4.958085058433661652e-01 -3.191394526716799795e-01 -2.467476869847149701e-01 -2.552917818469900846e-01 -2.718695674035660481e-01 -2.538224418257573056e-01 -2.830057431365787801e-01 -2.743206944173954276e-01 -2.752700082277733662e-01 -2.637393174610180857e-01 -2.765214763635165385e-01 -2.633634567511597968e-01 -2.646344331149857454e-01 -2.642436575515788588e-01 -2.670738674476839103e-01
4.600000000000000533e+00 -9.525628437901165202e-02 -4.029459411773816946e-01 -2.605174992014007707e-01 -2.742921071624820351e-01 -2.959824749301874225e-01 -2.926442796486701803e-01 -2.524618528028248488e-01 -2.888979252480930460e-01 -2.867863293869106767e-01 -2.806356439529241742e-01 -2.931210216497240340e-01 -2.900179450322574182e-01 -2.872830367636827753e-01 -2.906507920547635182e-01 -2.892562102579756544e-01
4.650000000000000355e+00 -2.701953832027130242e-01 -2.092691581212024199e-01 -3.933340634971235761e-01 -2.831242538016596755e-01 -3.002532635953236717e-01 -3.031867694313529760e-01 -3.077418167901604384e-01 -2.926851852515968688e-01 -3.141685500938138365e-01 -3.003703801404710716e-01 -3.186122466983766777e-01 -3.148817503144786811e-01 -3.137488264881649891e-01 -3.123648113308116203e-01 -3.141770226278071676e-01
4.700000000000000178e+00 -4.363275068082057562e-01 -2.053344363240166559e-01 -3.982466733890862587e-01 -2.978504860445115865e-01 -3.540132205158771916e-01 -3.096490817552297603e-01 -3.323320163896387736e-01 -3.392815212461803287e-01 -3.529615895586989405e-01 -3.361166775069135970e-01 -3.289243068880985388e-01 -3.335689251662270483e-01 -3.332040026069786331e-01 -3.358253704155927388e-01 -3.360126418267250781e-01
4.750000000000000000e+00 -5.036397670791188386e-01 -3.265700602165707012e-01 -2.357933041526965035e-01 -3.653769359844176723e-01 -3.825580561380901301e-01 -3.556861333033036199e-01 -3.658856729532409258e-01 -3.565857342085537174e-01 -3.669429050107981816e-01 -3.595298427614010417e-01 -3.537672230494302572e-01 -3.581190415974869756e-01 -3.566389867779116707e-01 -3.565545169680583992e-01 -3.593054072706446944e-01
4.800000000000000711e+00 -4.658370124101301468e-01 -3.302917440982764963e-01 -4.124637768999130927e-01 -4.022880525858162359e-01 -4.171393331705803842e-01 -3.789514311794540125e-01 -3.699458233168019805e-01 -3.802639558889274185e-01 -3.862227536828528041e-01 -3.805893085015127908e-01 -3.823752498145192580e-01 -3.807460260967689969e-01 -3.821296545429943570e-01 -3.805555426968649790e-01 -3.823753423914904581e-01
4.850000000000000533e+00 -5.714082760429991525e-01 -5.637658822463981201e-01 -3.280340544063348740e-01 -3.750633900524147357e-01 -3.973830842233405658e-01 -3.971310038176624202e-01 -3.984305242684009762e-01 -3.873099329482253550e-01 -4.030632058051976663e-01 -4.115105078459107002e-01 -4.146201732735032008e-01 -4.056654427936627338e-01 -4.042578354891511738e-01 -4.054293793453250805e-01 -4.043087579171304458e-01
4.900000000000000355e+00 -3.486292814485660307e-01 -5.733396800870624865e-01 -4.652197455481749122e-01 -4.333518476851483947e-01 -4.531699592147311328e-01 -4.643716108337032078e-01 -4.327218057321133848e-01 -4.239480706074391647e-01 -4.361337533852024384e-01 -4.252696147606234711e-01 -4.337185575416113714e-01 -4.330068880424668420e-01 -4.241557613704766139e-01 -4.273637779265249681e-01 -4.288357957094102169e-01
4.950000000000000178e+00 -4.585299085688526732e-01 -3.764271598167499011e-01 -4.986903369998207936e-01 -4.879736234936184469e-01 -4.827879685406282761e-01 -4.523440198140092350e-01 -4.682550191349423296e-01 -4.779492897032848742e-01 -4.388144133479472964e-01 -4.564375055916155000e-01 -4.457032699497092687e-01 -4.573287198665237363e-01 -4.529635357439856236e-01 -4.519010205510826106e-01 -4.508170235883690591e-01
5.000000000000000000e+00 -5.560515518703588178e-01 -5.232934183372512926e-01 -4.962776770972794904e-01 -5.127091719115024482e-01 -5.101305301319727370e-01 -4.641319722172592144e-01 -4.743558847381069699e-01 -4.862981280628543845e-01 -4.832591214073914121e-01 -4.718406502955553306e-01 -4.791760961876331271e-01 -4.725840773492913649e-01 -4.742092780227885607e-01 -4.733210420430306042e-01 -4.773468022413808742e-01
5.050000000000000711e+00 -4.950278169057803490e-01 -4.578089610129845721e-01 -4.890603030636044291e-01 -5.242574354675807458e-01 -5.279290463098933461e-01 -5.179331042974605337e-01 -4.892839412971940471e-01 -4.934659434505851427e-01 -5.034314188653113975e-01 -5.011701630295266607e-01 -4.985085393134244813e-01 -4.979587526062054237e-01 -4.962680147016409471e-01 -4.985988292912673647e-01 -5.006839590140997887e-01
5.100000000000000533e+00 -5.402060847170879754e-01 -4.252186380137564226e-01 -4.830777645143088939e-01 -4.617996083466874291e-01 -5.027139339532290530e-01 -5.160573177825898972e-01 -5.257883779530414525e-01 -5.344647005902217751e-01 -5.116364839144302845e-01 -5.266039032675875475e-01 -5.251968727103799583e-01 -5.228979510337692371e-01 -5.259994139056188844e-01 -5.238991017581452470e-01 -5.223382179828753857e-01
5.150000000000000355e+00 -6.022662031093624080e-01 -5.508733987440487256e-01 -5.767819251129574498e-01 -5.886620202904431221e-01 -5.204732635235245208e-01 -5.732445604081879420e-01 -5.454820396880373234e-01 -5.295680670423882352e-01 -5.394321347399966271e-01 -5.600112813825067759e-01 -5.415524875225599111e-01 -5.511135015497490297e-01 -5.447483206703680469e-01 -5.459151332384822863e-01 -5.472348837555252032e-01
5.200000000000000178e+00 -6.063966795555796319e-01 -4.665359545083215820e-01 -5.931771055593214603e-01 -5.938660214597537568e-01 -5.850928615739984240e-01 -5.557351445416517377e-01 -5.676116831285800135e-01 -5.587191061057835695e-01 -5.520558125658767690e-01 -5.655674381473930756e-01 -5.607317635768791497e-01 -5.618061889070660175e-01 -5.679140077796872577e-01 -5.664067572179112275e-01 -5.693407119132166683e-01
5.250000000000000000e+00 -4.394529316576045730e-01 -4.788184675194058215e-01 -6.424846153673759996e-01 -5.654799825509199129e-01 -6.370004469016523618e-01 -6.081452387437806806e-01 -6.006329419059248664e-01 -6.060824456089916046e-01 -5.959655404234538434e-01 -5.896831157445480143e-01 -5.908560367536646041e-01 -5.929073755753553332e-01 -5.894903306701492207e-01 -5.909687268433668761e-01 -5.934415539525847993e-01
5.300000000000000711e+00 -7.315251427532417638e-01 -7.063683434192411514e-01 -6.613810444404132349e-01 -5.716781476452944544e-01 -6.365505039092342887e-01 -6.105576966830364993e-01 -6.048016789518982916e-01 -6.395721130816824918e-01 -6.147819359823143426e-01 -6.116266414519213601e-01 -6.185390793453368063e-01 -6.125573694101529298e-01 -6.128326607107419388e-01 -6.141910819181176651e-01 -6.134658198990194933e-01
5.350000000000000533e+00 -8.128710597972333973e-01 -6.867355353709165833e-01 -6.538435507581409345e-01 -6.387829517750036601e-01 -6.320510602339146633e-01 -6.094911960439050036e-01 -6.481455357300723863e-01 -6.313592245341369535e-01 -6.302575121398800162e-01 -6.371084123140086097e-01 -6.426980396941907037e-01 -6.391364585166144918e-01 -6.353731719951609680e-01 -6.370431083509210390e-01 -6.373580316493405729e-01
5.400000000000000355e+00 -6.088533620333597129e-01 -7.077782334886119076e-01 -6.074356097295421364e-01 -6.743437943417047720e-01 -6.672424868187075697e-01 -6.595619108905461658e-01 -6.672480594582048674e-01 -6.756461272743214952e-01 -6.608939600900196609e-01 -6.590891088289712041e-01 -6.549280499432069691e-01 -6.567608316285552528e-01 -6.609272089308277920e-01 -6.573244307145529319e-01 -6.573689907153472678e-01
5.450000000000000178e+00 -6.820655093974503647e-01 -6.207028986629639089e-01 -6.648178897715212310e-01 -6.337475995055605882e-01 -6.474726147814229282e-01 -6.776926563401628467e-01 -6.885666041166281781e-01 -6.606989814085124646e-01 -6.797171325475681591e-01 -6.850218303524260310e-01 -6.836842546763322037e-01 -6.774787184848841681e-01 -6.803939764711175453e-01 -6.794533487264848848e-01 -6.782964210562196783e-01
5.500000000000000000e+00 -6.640688480624902246e-01 -6.616984139000410270e-01 -5.752328919125730966e-01 -6.680582897162001821e-01 -6.621237928676604323e-01 -7.023174541068660792e-01 -6.864621642072057384e-01 -7.030531663356577310e-01 -6.995344871993602887e-01 -7.024186121511405423e-01 -6.979626694516638530e-01 -7.029905263649832703e-01 -7.021162218694796398e-01 -7.007712028891337486e-01 -6.997582583190175010e-01
5.550000000000000711e+00 -7.094983745413132592e-01 -6.917065466392279260e-01 -7.246889799579644409e-01 -6.999471561097302397e-01 -7.442873333022391735e-01 -6.784266372892088226e-01 -7.168051428761249566e-01 -7.176197537050930109e-01 -7.218280422603855495e-01 -7.292472252586121861e-01 -7.218572204683625371e-01 -7.186369146810565045e-01 -7.239609079502721256e-01 -7.220035235951525188e-01 -7.211301079228379374e-01
5.600000000000000533e+00 -8.811963007950722737e-01 -7.036244380435299206e-01 -7.268441470165428742e-01 -7.962269949190893259e-01 -7.243085379579854433e-01 -7.240263900259131802e-01 -7.323392078560173601e-01 -7.359797754703485406e-01 -7.340266640562029821e-01 -7.297845713595126904e-01 -7.378826838980088176e-01 -7.371809879312195557e-01 -7.406593500535236796e-01 -7.411916207199739093e-01 -7.396365331660283982e-01
5.650000000000000355e+00 -6.487704441899669883e-01 -7.205104707957377119e-01 -6.994881744001367752e-01 -7.164998960266562023e-01 -6.965076898573774322e-01 -7.363848891111138828e-01 -7.732732770059363991e-01 -7.491498805427087015e-01 -7.613828708643206600e-01 -7.686939021519617610e-01 -7.576337932330732272e-01 -7.612038134989242977e-01 -7.564553290896279814e-01 -7.606116058462100149e-01 -7.601306411560500020e-01
5.700000000000000178e+00 -6.528804669595007493e-01 -7.346233697486800329e-01 -7.039441908263001091e-01 -8.178286231137670281e-01 -7.907969619619479307e-01 -7.793793752275193221e-01 -7.635283742884770852e-01 -7.731550353134715170e-01 -7.729603904262515313e-01 -7.878611735077515332e-01 -7.850126919610607157e-01 -7.829409734510067720e-01 -7.827891472553416552e-01 -7.793510398553030738e-01 -7.812900760213717932e-01
5.750000000000000000e+00 -8.882818521209627782e-01 -7.820299984206739996e-01 -7.342202735645115830e-01 -8.244094392420996398e-01 -8.093572731575552348e-01 -8.017108885731271117e-01 -8.057264544350565272e-01 -8.002083171050615729e-01 -7.933913547986182202e-01 -8.048437779554353799e-01 -7.959082554441565538e-01 -8.002728470618943879e-01 -8.024235280891598432e-01 -8.018579326978247934e-01 -7.996977172851092996e-01
5.800000000000000711e+00 -8.696474201674840865e-01 -8.823566060688817769e-01 -8.068668477441006681e-01 -7.966022125508012142e-01 -7.740155459974421559e-01 -8.017002410806244317e-01 -8.473565651248063935e-01 -8.324194963819296911e-01 -8.112509178838546164e-01 -8.191737004950748746e-01 -8.195054813710329622e-01 -8.166914240524589808e-01 -8.197132195971342794e-01 -8.201218923437368913e-01 -8.184698860253643016e-01
5.850000000000000533e+00 -8.037712252308049088e-01 -8.909894000695665062e-01 -8.399940080114550733e-01 -8.353705681790912774e-01 -7.874339911465005892e-01 -8.499303866823356701e-01 -8.336019867034857311e-01 -8.253793650252875258e-01 -8.504280249196104480e-01 -8.344971263926115324e-01 -8.396101688373182048e-01 -8.354273862476713219e-01 -8.372329665080358030e-01 -8.366020728192294920e-01 -8.363729544890653456e-01
5.900000000000000355e+00 -9.504190890974407724e-01 -8.463387424318671304e-01 -8.082341217388593346e-01 -8.649410547599809540e-01 -8.664213963171140120e-01 -8.226844445877292689e-01 -8.603883617513820026e-01 -8.470483682170532047e-01 -8.533130130401141988e-01 -8.578418467024055971e-01 -8.552239526996838759e-01 -8.522621433820167791e-01 -8.541841610587636024e-01 -8.551966327691072900e-01 -8.514257655112749124e-01
5.950000000000000178e+00 -7.253581076978640185e-01 -7.574908451439308354e-01 -7.851737573690408256e-01 -8.662702170392360124e-01 -8.676461809209132792e-01 -8.625970969599996430e-01 -8.669844929234447051e-01 -8.686372021472986704e-01 -8.595047552601569052e-01 -8.724626872900718144e-01 -8.677561162172668929e-01 -8.679466290220088087e-01 -8.628215093089308674e-01 -8.701377935200389491e-01 -8.691274435886779948e-01
6.000000000000000000e+00 -9.537576277235714217e-01 -7.749285828398916331e-01 -9.268013388098187422e-01 -9.482713889309529742e-01 -8.784623727409325289e-01 -9.070104772338639654e-01 -8.862979036112423881e-01 -8.856011043159495166e-01 -8.890258576161361725e-01 -8.895232571215537787e-01 -8.880334018260090945e-01 -8.843539496924590626e-01 -8.856330046011957613e-01 -8.827866185127757337e-01 -8.856777703832494630e-01
6.050000000000000711e+00 -7.108700541755961222e-01 -9.027096126783967778e-01 -9.014961789522356606e-01 -9.305540014534726678e-01 -9.080214878199619477e-01 -9.023314780108769861e-01 -8.775170219202599320e-01 -8.978952848764206740e-01 -9.101091391869209346e-01 -9.025117250890335452e-01 -9.018825479552753377e-01 -8.974254347950259003e-01 -9.037956984539019523e-01 -8.990886595106577506e-01 -9.008585289986436040e-01
6.100000000000000533e+00 -1.189845989835463413e+00 -9.590937095293314840e-01 -9.650974781356538301e-01 -9.477809360822152529e-01 -8.713169048919473525e-01 -8.996597671427427612e-01 -9.049991841885699495e-01 -9.170752167048213943e-01 -9.084067929046074630e-01 -9.152276562953418626e-01 -9.205724822815124497e-01 -9.193643206314247029e-01 -9.153878047646893945e-01 -9.136435003287673995e-01 -9.161372274683152739e-01
6.150000000000000355e+00 -9.846529166173029202e-01 -8.770296125216776595e-01 -8.795399909616462564e-01 -9.309061314094332351e-01 -8.788839912196428905e-01 -9.213611610166280164e-01 -9.479020979908412414e-01 -9.227481681560419924e-01 -9.266194728363152944e-01 -9.300955080962071131e-01 -9.267384071326404404e-01 -9.272548792715888943e-01 -9.290420291864318614e-01 -9.293388566093558900e-01 -9.287037086846876566e-01
6.200000000000000178e+00 -9.410654337846259265e-01 -9.987674141676031736e-01 -9.235540504576674747e-01 -9.425469591086756971e-01 -9.278492090942860315e-01 -9.366874371539309907e-01 -9.287525754206694684e-01 -9.466803200739352109e-01 -9.374299291269125867e-01 -9.408888324027691041e-01 -9.344958312158264668e-01 -9.412655047682292331e-01 -9.416760266065156149e-01 -9.450190885031999333e-01 -9.417456978730474049e-01
6.250000000000000000e+00 -8.557924348283324489e-01 -9.886606326696629754e-01 -9.119068725082573046e-01 -8.963077470423561621e-01 -9.346928218047138026e-01 -9.656418118570455622e-01 -9.738724863380763264e-01 -9.654525197954172411e-01 -9.488714064381842395e-01 -9.595472418266686176e-01 -9.544641606215426011e-01 -9.523070039833775313e-01 -9.527620993629420942e-01 -9.551965541689163564e-01 -9.544167393568965263e-01
6.300000000000000711e+00 -1.152904210500748095e+00 -1.120327567756826292e+00 -9.221515936511619493e-01 -9.161873107693184748e-01 -9.746098659384518914e-01 -9.274626791158947503e-01 -9.768446229025808947e-01 -9.615237223975254821e-01 -9.749680465662847739e-01 -9.576075145849902714e-01 -9.677538240940664060e-01 -9.645324578502271207e-01 -9.650636381991785084e-01 -9.628290394361588289e-01 -9.646122342755892864e-01
6.350000000000000533e+00 -7.385538461820683187e-01 -9.471090221990661195e-01 -1.029393135378183555e+00 -9.751143276607102672e-01 -9.968818814318818333e-01 -9.587751349332555018e-01 -9.725756440834616434e-01 -9.869798206332419666e-01 -9.833575168263557487e-01 -9.780479346156422116e-01 -9.796520359249528687e-01 -9.738276580514787506e-01 -9.786515878231645260e-01 -9.773708431669532182e-01 -9.782920419512480814e-01
6.400000000000000355e+00 -9.698822048511198668e-01 -1.008394825352547208e+00 -1.044146815095992720e+00 -9.588869932017780595e-01 -9.880339353270646274e-01 -9.791998420837508821e-01 -9.700378282552521991e-01 -9.687674502557570566e-01 -9.726678780324977680e-01 -9.793869240581754010e-01 -9.833279135087974465e-01 -9.870073020137980491e-01 -9.904602646327923532e-01 -9.857177894909667781e-01 -9.875522338645043030e-01
6.450000000000000178e+00 -1.104577686638355871e+00 -9.470191435026467097e-01 -1.015588006509243080e+00 -1.011933584054072410e+00 -9.786136980041130196e-01 -1.016505693808341437e+00 -9.848141094090400172e-01 -9.998976220703974516e-01 -9.996034618512420478e-01 -9.914189787185324620e-01 -9.916437538785368710e-01 -9.947118498709579537e-01 -9.957185161516610705e-01 -9.981568869539610978e-01 -9.981177035150049504e-01
6.500000000000000000e+00 -1.069138032933931282e+00 -1.034744184217770702e+00 -1.097576885407460789e+00 -1.035240365581626243e+00 -9.386280008388905305e-01 -1.023602116986997546e+00 -1.016056256482150255e+00 -1.004997194496357604e+00 -1.010496442029718889e+00 -1.008715812107403131e+00 -1.010486593889246443e+00 -1.005160298485305637e+00 -1.004133566037712644e+00 -1.004284175743175078e+00 -1.006033838017582394e+00
6.550000000000000711e+00 -9.685752047720324054e-01 -9.637035627203699439e-01 -9.727413933107468269e-01 -1.110795228038225613e+00 -1.000700623742450723e+00 -9.912268235863583854e-01 -1.025497702370545383e+00 -1.018210662160724533e+00 -1.024343621507590729e+00 -1.020871646081715545e+00 -1.007648484935162125e+00 -1.019393678087953559e+00 -1.016788306226853011e+00 -1.011608751258840311e+00 -1.012133583950952209e+00
6.600000000000000533e+00 -9.662739098636152768e-01 -1.043002205417885575e+00 -9.825247643786586549e-01 -1.064491247284211850e+00 -1.018373019161749715e+00 -1.029203290110047408e+00 -1.012693680282418685e+00 -1.016529771752394673e+00 -1.020929526781217289e+00 -1.017023305129724164e+00 -1.022754571819948444e+00 -1.018643400856821701e+00 -1.016978726742791661e+00 -1.020345024839546033e+00 -1.020890455212674075e+00
6.650000000000000355e+00 -1.026669488864450086e+00 -1.034531255822507712e+00 -1.116042146859109074e+00 -1.025239127940689610e+00 -1.011573136751491742e+00 -1.026446405073137891e+00 -1.020433251184048151e+00 -1.032197897002427256e+00 -1.030657234459940508e+00 -1.024740211104524734e+00 -1.027948951624005458e+00 -1.025851820845833595e+00 -1.023743879199210838e+00 -1.023357262681416469e+00 -1.025809569272161381e+00
6.700000000000000178e+00 -1.192386311046227831e+00 -1.066472991715053498e+00 -1.078543935177112889e+00 -1.013734648531830151e+00 -1.006098998057487481e+00 -1.039373116291463894e+00 -1.041224362549623805e+00 -1.047956089679756175e+00 -1.021121156177934086e+00 -1.037876448900305393e+00 -1.036030557194680624e+00 -1.033554115362154135e+00 -1.032880050849159348e+00 -1.035463532301596823e+00 -1.033968174835662168e+00
6.750000000000000000e+00 -7.954215947942971932e-01 -9.330979998343951198e-01 -1.032853702956488595e+00 -1.020822964168947466e+00 -1.065906407907372566e+00 -1.013683423235726577e+00 -1.049746099535608490e+00 -1.055892171889676989e+00 -1.052358438766446191e+00 -1.038887333590052586e+00 -1.034364569394175426e+00 -1.037600525722580214e+00 -1.038217056859320975e+00 -1.036830270555103573e+00 -1.037024448847618796e+00
6.800000000000000711e+00 -1.143249972472185183e+00 -9.714452583608216285e-01 -9.764276422866902116e-01 -9.975054679419727011e-01 -9.976070219981674203e-01 -1.005602658627384960e+00 -1.056766150308350971e+00 -1.047375716285688707e+00 -1.042793176414052780e+00 -1.044696915098481060e+00 -1.038369323147708023e+00 -1.040117835016582504e+00 -1.046929196504194692e+00 -1.041324443013798673e+00 -1.042405883876001305e+00
6.850000000000000533e+00 -1.132799221392502886e+00 -9.026017387047525764e-01 -1.108104180987883769e+00 -1.118117079984479956e+00 -1.063738681273554532e+00 -1.038484918892217834e+00 -1.042936264164190829e+00 -1.050933990180473954e+00 -1.054306182743135034e+00 -1.042463806144817484e+00 -1.044015162384000828e+00 -1.044115123904464371e+00 -1.044492440139350498e+00 -1.045035364104427211e+00 -1.046873333693241648e+00
6.900000000000000355e+00 -1.071022522629420992e+00 -1.111491917292682263e+00 -1.014518889926240508e+00 -1.004032183009818890e+00 -1.091811175803764078e+00 -1.052298904499276766e+00 -1.038977492035885630e+00 -1.053543880722560777e+00 -1.042662283528234202e+00 -1.049259316776089079e+00 -1.039639130527029831e+00 -1.046818623252153913e+00 -1.047413233868489835e+00 -1.047575967771397165e+00 -1.048640788098278875e+00
6.950000000000000178e+00 -9.672226000522433642e-01 -9.968657741535135175e-01 -1.175246639207939481e+00 -9.939142045572766371e-01 -1.057943248103368594e+00 -1.057596473914451218e+00 -1.041837317693280696e+00 -1.048284150028624850e+00 -1.041853152890367840e+00 -1.051038246856467628e+00 -1.047366251826513883e+00 -1.047503577475888292e+00 -1.049473305289830183e+00 -1.049844451269924761e+00 -1.049719400948587733e+00
7.000000000000000000e+00 -7.982896389773389556e-01 -9.215125647664071940e-01 -9.637217084678484369e-01 -1.122367651285004930e+00 -1.013339220959333264e+00 -1.067725616931332944e+00 -1.031424000877063873e+00 -1.052590457667595958e+00 -1.045988301724985803e+00 -1.046784963650403855e+00 -1.040325918921503945e+00 -1.055787917138159671e+00 -1.053705283645067547e+00 -1.048611586801021955e+00 -1.051399623518584736e+00
7.050000000000000711e+00 -1.136771677516411394e+00 -1.050693138861316767e+00 -1.077686434458622555e+00 -1.037369821786409352e+00 -1.069146132876631627e+00 -1.045587543857904977e+00 -1.055721060600935957e+00 -1.039566462480274289e+00 -1.054464359519950989e+00 -1.053188046924251386e+00 -1.055198019235808582e+00 -1.053556022954252436e+00 -1.049584506266260542e+00 -1.051806853305339073e+00 -1.052340985962269881e+00
7.100000000000000533e+00 -1.007372775464860259e+00 -1.069250550242521136e+00 -1.033424133864775385e+00 -1.060250694466289945e+00 -1.091184280981082777e+00 -1.041321835812835994e+00 -1.072848782206550666e+00 -1.054945779001748907e+00 -1.056386734858415277e+00 -1.056247849329301269e+00 -1.054434242667844135e+00 -1.052387252738181900e+00 -1.053566043290114385e+00 -1.052366514797502317e+00 -1.052577355217488853e+00
7.150000000000000355e+00 -1.074686008325691056e+00 -1.093381493370507274e+00 -1.029709651161686335e+00 -1.070614580422650786e+00 -1.076146019750495508e+00 -1.041881203545660384e+00 -1.060582941572000948e+00 -1.052344522737779897e+00 -1.050562765854634817e+00 -1.059371767907023587e+00 -1.052273380667070324e+00 -1.050534235602711419e+00 -1.051412582812731200e+00 -1.051314108639532785e+00 -1.050939790007243246e+00
7.200000000000000178e+00 -1.136381271922172420e+00 -1.105784020437716508e+00 -1.011992358530931613e+00 -1.013692959867003252e+00 -1.017986559873432117e+00 -1.058053018864171246e+00 -1.049154003242425137e+00 -1.062701587526678759e+00 -1.057257517373195288e+00 -1.045078711131667060e+00 -1.052779656243250983e+00 -1.049595478038818586e+00 -1.047947110091336897e+00 -1.051517415252066101e+00 -1.050068623368213494e+00
7.250000000000000000e+00 -1.022598039360139710e+00 -9.280732715709604230e-01 -9.971475566189048623e-01 -1.130934190204903489e+00 -1.031803799347852824e+00 -1.045024420787852293e+00 -1.031518798527098157e+00 -1.053477215521416932e+00 -1.057107371592627132e+00 -1.054000059175373094e+00 -1.044612245780408122e+00 -1.049548640201428684e+00 -1.046052875343173705e+00 -1.048007600901410319e+00 -1.047879746616817265e+00
7.300000000000000711e+00 -1.169239939679713958e+00 -9.708390346069908361e-01 -1.114539511580726616e+00 -1.068935303384172864e+00 -1.050340335517601531e+00 -1.017254994476787022e+00 -1.068278552608377341e+00 -1.044680984336833429e+00 -1.044726214473252313e+00 -1.047061802854606372e+00 -1.046309191043773845e+00 -1.044050509653359660e+00 -1.047785103378703342e+00 -1.044537274621197387e+00 -1.044801007947001592e+00
7.350000000000000533e+00 -9.432047045207885283e-01 -9.484044963776776527e-01 -1.012819742502582221e+00 -1.085155190351978494e+00 -1.051411750780852250e+00 -1.076239314586500573e+00 -1.049734035222194883e+00 -1.019825718055543451e+00 -1.046001974630430542e+00 -1.041664107301922604e+00 -1.037866123013614805e+00 -1.042623187750876479e+00 -1.042549518649731777e+00 -1.039774170578215085e+00 -1.043730167157868483e+00
7.400000000000000355e+00 -9.618230344441117685e-01 -1.040623986307908755e+00 -1.040499666194065531e+00 -1.036132052790258218e+00 -1.076720989043520538e+00 -1.032383528775886461e+00 -1.017647900438948483e+00 -1.043158683690154298e+00 -1.034393447817747003e+00 -1.042540675276843354e+00 -1.034048788049717560e+00 -1.037536766826258727e+00 -1.039255013875308720e+00 -1.039127256057258641e+00 -1.037101295152815794e+00
7.450000000000000178e+00 -7.710888532840443066e-01 -1.073760128099576772e+00 -1.057435851592049447e+00 -9.883801281522774929e-01 -1.024911622081659424e+00 -1.013727536533548301e+00 -1.026375697784767116e+00 -1.022227259632045637e+00 -1.031946494288525251e+00 -1.042225181347040674e+00 -1.032138158177272391e+00 -1.032166951345027117e+00 -1.033891524335575074e+00 -1.034653277539435923e+00 -1.035504976798286236e+00
7.500000000000000000e+00 -9.228068842627983326e-01 -9.628374504190745364e-01 -1.044588323498270022e+00 -1.038901824840240851e+00 -1.027732405085875378e+00 -9.872383876095308652e-01 -1.032260828420180632e+00 -1.011437186467923466e+00 -1.020587985159125965e+00 -1.043629686498142028e+00 -1.034099812991303491e+00 -1.033589556421940836e+00 -1.031632822993707510e+00 -1.030199416060471718e+00 -1.028356009045938935e+00
7.550000000000000711e+00 -1.006569687764107268e+00 -1.067676609562372203e+00 -1.031108491513605063e+00 -1.042481020871832920e+00 -1.048106028269972123e+00 -1.034877958481665416e+00 -1.021087600738985968e+00 -1.032059550602955955e+00 -1.036581044533889218e+00 -1.024322531734668473e+00 -1.025417437472957216e+00 -1.026646602563299648e+00 -1.021966122999752979e+00 -1.023417256363718497e+00 -1.023687707571510286e+00
7.600000000000000533e+00 -1.033248213691519091e+00 -9.880486860938516580e-01 -1.078728632860147085e+00 -1.028382304231507227e+00 -1.023118543351124732e+00 -1.021649350755015728e+00 -1.015806148135163456e+00 -1.007210836564922829e+00 -1.022563335028076503e+00 -1.022841526103253296e+00 -1.018455906252938803e+00 -1.020007937990457192e+00 -1.016085312745069746e+00 -1.017106967983526955e+00 -1.019417294996600054e+00
7.650000000000000355e+00 -1.040316439233850199e+00 -1.055800336333964307e+00 -1.019372338388308874e+00 -1.050087677307535827e+00 -1.005870694906733309e+00 -1.019148034718897256e+00 -1.022116753840284664e+00 -1.009748662117752493e+00 -1.010588264226002453e+00 -1.024955928844184516e+00 -1.008528566626726075e+00 -1.014538513773624695e+00 -1.009256142431909753e+00 -1.010007022683952371e+00 -1.010868983013068378e+00
7.700000000000000178e+00 -8.238069395177110010e-01 -1.086419768573609446e+00 -1.037824416911804937e+00 -9.876469748313564390e-01 -1.016392322011708593e+00 -9.952429267074121011e-01 -1.009001180630179295e+00 -9.934468900351451914e-01 -9.973712323597928586e-01 -1.019143403709134255e+00 -1.004383933663161255e+00 -1.003444013048629513e+00 -1.004660288654124711e+00 -1.005340922243217250e+00 -1.004440208403194479e+00
7.750000000000000000e+00 -8.274995189094620507e-01 -9.813580569296759260e-01 -9.701382486978553654e-01 -9.794690476630112386e-01 -1.004270417655007686e+00 -9.857108508931419211e-01 -1.020479486266550051e+00 -1.004191330857250541e+00 -1.004504853492255823e+00 -9.999590267433446922e-01 -1.003700997831039388e+00 -9.957014835242471440e-01 -9.970377156665924945e-01 -9.981632061520602228e-01 -9.977498942207507771e-01
7.800000000000000711e+00 -1.033162406689836610e+00 -1.182399325971079218e+00 -9.542592425659376376e-01 -9.918667871319786222e-01 -9.925869874796733328e-01 -1.023167479191854357e+00 -9.835796647745994603e-01 -9.971658093291362324e-01 -9.935816296528916514e-01 -9.876360593070544480e-01 -9.927177968503819727e-01 -9.885642949772316390e-01 -9.925524294593282004e-01 -9.904541163258858694e-01 -9.933129262192309517e-01
7.850000000000000533e+00 -1.003706557165529478e+00 -1.106059891132044504e+00 -9.858436566353285802e-01 -1.005092211017072801e+00 -9.731451849932354348e-01 -9.873029143235518834e-01 -9.708095353447835363e-01 -9.788497394814066332e-01 -9.915912407031971521e-01 -9.913560358529189820e-01 -9.820384569513921358e-01 -9.847779863946127810e-01 -9.837674219690060173e-01 -9.821257098619365911e-01 -9.841142339329661537e-01
7.900000000000000355e+00 -1.012350056430405099e+00 -1.069808476977141209e+00 -9.196770651036925148e-01 -1.009019135394447320e+00 -9.906608445338583868e-01 -9.955009682258157966e-01 -9.746929638607015889e-01 -9.680762265426520186e-01 -9.662147607765244617e-01 -9.722101279959587394e-01 -9.738179245560579789e-01 -9.793165698387252815e-01 -9.783629937270664767e-01 -9.769229643282546505e-01 -9.741454522334815902e-01
7.950000000000000178e+00 -1.068116370258806569e+00 -8.725934966061396070e-01 -9.832166392249023223e-01 -1.061127159698690203e+00 -9.271875426954567789e-01 -9.942537895596221809e-01 -9.610046805749407062e-01 -9.794667188968024796e-01 -9.588522982806666484e-01 -9.780761947996460259e-01 -9.661673155701248072e-01 -9.648518278369836443e-01 -9.717354801191042668e-01 -9.685578366178371201e-01 -9.682287631902223302e-01
8.000000000000000000e+00 -9.396977052929651464e-01 -1.038037492822292185e+00 -9.266654822176013662e-01 -9.858871716513275540e-01 -9.853079583169087607e-01 -9.565056718880716735e-01 -9.403660987226239998e-01 -9.590813451534159206e-01 -9.691653088575370445e-01 -9.643799200430138718e-01 -9.557931493692334302e-01 -9.594370120197283081e-01 -9.600628630380595441e-01 -9.601933562266068423e-01 -9.579138335940398097e-01
8.050000000000000711e+00 -9.267426689685129837e-01 -9.970204687065972182e-01 -8.905909402284140075e-01 -9.732433816791034031e-01 -9.668644104072753320e-01 -9.286199362308696914e-01 -9.458895451499139684e-01 -9.533718307239721357e-01 -9.482164851428318553e-01 -9.585580235231548896e-01 -9.429400303322961197e-01 -9.470733125038536260e-01 -9.501613246014641856e-01 -9.507044451767474591e-01 -9.505392970691766141e-01
8.099999999999999645e+00 -7.826496688326728401e-01 -9.706194983064180271e-01 -1.029512875369142044e+00 -8.930702217888289995e-01 -9.679012470484081865e-01 -9.422126783193430777e-01 -9.150299033812251404e-01 -9.573014365713111706e-01 -9.345634924521178943e-01 -9.489508354835213266e-01 -9.358566160282403290e-01 -9.436427874664370385e-01 -9.371968860166850490e-01 -9.435924991107217386e-01 -9.392611158403486593e-01
8.150000000000000355e+00 -9.023761435675280440e-01 -1.025941689183348382e+00 -9.285252327499468050e-01 -9.642139352182683698e-01 -9.417889940064273491e-01 -8.967826963958247521e-01 -9.349347224776354270e-01 -9.382314423752943222e-01 -9.405166484072146060e-01 -9.394950417173812962e-01 -9.281753548968457723e-01 -9.327332210621096520e-01 -9.333844729888927105e-01 -9.323965579419970506e-01 -9.335363923192493418e-01
8.200000000000001066e+00 -1.002786336065407014e+00 -9.567778840772697135e-01 -9.192199482957089662e-01 -9.624306044712681585e-01 -9.563836284512772234e-01 -9.442602503236586786e-01 -9.181748120153532255e-01 -9.379818553041252560e-01 -9.274172430983377291e-01 -9.298536814717729415e-01 -9.285847681570595924e-01 -9.188342002492869698e-01 -9.241180109298723355e-01 -9.214119456537972486e-01 -9.225977004248583357e-01
8.250000000000000000e+00 -9.487927241623115293e-01 -9.154259464133255308e-01 -9.172970704891303395e-01 -9.185014628474433840e-01 -8.835681461272189008e-01 -9.063792539578333640e-01 -9.384114865986586951e-01 -9.172420385955885047e-01 -9.135279198229487863e-01 -9.118137986849372822e-01 -9.131741433375593076e-01 -9.132999578858076450e-01 -9.138235825051170824e-01 -9.141013785158934590e-01 -9.141986762932458044e-01
8.300000000000000711e+00 -8.108802412117619429e-01 -1.012421267424087779e+00 -8.692833331860801982e-01 -9.242454232126473546e-01 -9.095335828313055870e-01 -9.184436677606822030e-01 -9.163468498565197073e-01 -9.133099777728739266e-01 -9.062579834852608762e-01 -9.099025553678912193e-01 -9.064955109896916108e-01 -9.075380742512466625e-01 -9.028818905277586904e-01 -9.058760684628112125e-01 -9.068083052364259711e-01
8.349999999999999645e+00 -7.586382868301388971e-01 -8.454123885686557482e-01 -8.729801660699026966e-01 -8.856388523317533235e-01 -8.757498359364449536e-01 -8.657752466127487390e-01 -8.979246334353928605e-01 -8.890658758491231106e-01 -8.928455068233720482e-01 -8.893263903821412297e-01 -8.933322029171738565e-01 -8.954136510578551977e-01 -8.953005599846924900e-01 -8.960494771115607993e-01 -8.962446961889968255e-01
8.400000000000000355e+00 -7.988363541595175921e-01 -7.957576517947139161e-01 -8.913126131281260411e-01 -8.442486776294283457e-01 -8.566951125438133641e-01 -8.843938948415503987e-01 -8.845563729683106891e-01 -8.806993625122389036e-01 -8.838466503201367619e-01 -8.920884446170922466e-01 -8.864911400503505678e-01 -8.876636970093404466e-01 -8.873499712248796856e-01 -8.852468669764406162e-01 -8.870806662561953049e-01
8.450000000000001066e+00 -7.169972416005958582e-01 -7.689574489829738013e-01 -8.744306677532196481e-01 -9.114126747726623012e-01 -8.834036489150137728e-01 -8.737035273461787321e-01 -8.838827233115997828e-01 -8.831007256902158042e-01 -8.822358639696645799e-01 -8.750001880664618481e-01 -8.797246407137522262e-01 -8.775770417012214164e-01 -8.801005914444532952e-01 -8.771688828616349687e-01 -8.782174263131570235e-01
8.500000000000000000e+00 -7.639617207362050522e-01 -8.976984515522351549e-01 -8.505020839453080184e-01 -8.841794187655916959e-01 -8.845454087207240690e-01 -8.762908028490988821e-01 -8.671838963510524190e-01 -8.744145142310230101e-01 -8.623379269079796128e-01 -8.666843946514657393e-01 -8.703448224660972343e-01 -8.695677992518971999e-01 -8.712124671806295018e-01 -8.682867253331376656e-01 -8.686454026988408295e-01
8.550000000000000711e+00 -8.841627532781960452e-01 -8.697238461323407721e-01 -8.271808749156877028e-01 -8.521372973324260469e-01 -8.478973354174452748e-01 -8.340389010365183431e-01 -8.883191514487553953e-01 -8.422348254534619549e-01 -8.634477581308934724e-01 -8.568251123991292850e-01 -8.671863092048103239e-01 -8.617767858216470733e-01 -8.571572053147773484e-01 -8.607447628341396983e-01 -8.605593015766169751e-01
8.599999999999999645e+00 -7.992793457514029143e-01 -9.511363410091195902e-01 -8.050512667301100711e-01 -8.532695934956866513e-01 -8.403424744352402387e-01 -8.151266217071496678e-01 -8.762689847692080036e-01 -8.486968288567809937e-01 -8.601376057761663807e-01 -8.539377537607780733e-01 -8.501530998621938950e-01 -8.537268306992653599e-01 -8.566825089187499742e-01 -8.513195778698355864e-01 -8.511709271173359959e-01
8.650000000000000355e+00 -7.400537647198994762e-01 -9.600018506291058129e-01 -8.501347669495795678e-01 -8.125540490273778227e-01 -8.580758167140697390e-01 -8.295966868252536708e-01 -8.549073578758014103e-01 -8.337784586723795410e-01 -8.413188926627418462e-01 -8.405831683107143348e-01 -8.387549390730210108e-01 -8.445067404205706119e-01 -8.409494958016915378e-01 -8.417640932647518781e-01 -8.437865929246819441e-01
8.700000000000001066e+00 -9.214567050403080772e-01 -9.040946903302801152e-01 -8.561388438999802952e-01 -8.118091536204112835e-01 -8.689988858764718938e-01 -8.334748510597150828e-01 -8.317388758820996042e-01 -8.279169119132920862e-01 -8.215665611826121761e-01 -8.390995914588069704e-01 -8.337081899278268038e-01 -8.355828454079394785e-01 -8.317801193434358753e-01 -8.361181170356443149e-01 -8.355912185701740436e-01
8.750000000000000000e+00 -8.057302905662948600e-01 -7.489234465258440832e-01 -8.534124475535804777e-01 -8.583691819637505604e-01 -8.030351319630306683e-01 -8.434691413278300187e-01 -8.097485342323735846e-01 -8.353695685173875285e-01 -8.287944036355203714e-01 -8.172894110740204221e-01 -8.208586514058981987e-01 -8.274981623291074451e-01 -8.287243291764124775e-01 -8.279568462364726988e-01 -8.257723168774230293e-01
8.800000000000000711e+00 -7.315731324388965451e-01 -8.728870785302357271e-01 -7.919533423566528230e-01 -7.934570056013605654e-01 -8.098615685459455982e-01 -8.147637083376245704e-01 -7.954137208826159711e-01 -8.196239305950087095e-01 -8.128117544653125082e-01 -8.370637305680910245e-01 -8.203129660126120548e-01 -8.197221658726536742e-01 -8.187723194150899886e-01 -8.215196032625614597e-01 -8.200654561881994820e-01
8.849999999999999645e+00 -7.469695906904498806e-01 -8.785124374825428184e-01 -7.687372087499025897e-01 -8.333145093129309400e-01 -8.273278960114278657e-01 -7.741240463287845097e-01 -8.047381867661334010e-01 -8.025891621905095752e-01 -8.199536328847223388e-01 -8.049255720557328964e-01 -8.010401082120823801e-01 -8.113778061959607824e-01 -8.104300987155216296e-01 -8.119448524899928188e-01 -8.127373294311202034e-01
8.900000000000000355e+00 -8.867610132334555750e-01 -8.515004840362385696e-01 -7.349755971427129886e-01 -7.521767965999955896e-01 -7.799360473738810029e-01 -8.267563217556989086e-01 -8.301512101411652189e-01 -7.992947047332771282e-01 -8.000046548018769910e-01 -7.961633673893773189e-01 -8.036117458676305114e-01 -8.051215652033794079e-01 -8.067139212385427971e-01 -8.045910340938592364e-01 -8.039666378573558925e-01
8.950000000000001066e+00 -6.346241577425881797e-01 -8.567402715355083576e-01 -8.739447770675586868e-01 -8.489421395234442169e-01 -7.882257811613920806e-01 -8.071884945839378211e-01 -7.990060842958892628e-01 -8.049482961646327039e-01 -7.866015732499801461e-01 -8.065032990129328283e-01 -7.955165946408583322e-01 -7.986364234007542473e-01 -7.967034139348079247e-01 -7.981328250662791390e-01 -7.993019354529753429e-01
9.000000000000000000e+00 -9.151979643490660843e-01 -7.915348125282367642e-01 -8.637729567467637981e-01 -8.418434251198552154e-01 -7.997822373257508222e-01 -7.954978147443511061e-01 -8.029948953545212875e-01 -7.959279464113362401e-01 -7.918505007458188638e-01 -7.945149365600845393e-01 -7.921991725313916044e-01 -7.967842950076978736e-01 -7.915026828244493551e-01 -7.913458420223293821e-01 -7.913389302156061955e-01
9.050000000000000711e+00 -7.155212794575955826e-01 -7.169775136092956247e-01 -8.187467337299155767e-01 -8.338564145662317184e-01 -7.638387667091165456e-01 -7.472644456851720296e-01 -7.828104553069292759e-01 -7.917399193067858887e-01 -7.944377881003438224e-01 -7.893469028286804745e-01 -7.801859101041461741e-01 -7.864855651073389131e-01 -7.864943468401220938e-01 -7.848088524796457133e-01 -7.880941223152482245e-01
9.099999999999999645e+00 -8.511959981247376739e-01 -7.447533819282606826e-01 -6.776734070000184351e-01 -8.299307879757292783e-01 -8.050798770063816168e-01 -7.843221304328806820e-01 -7.798925395566514984e-01 -7.892937780854176744e-01 -7.832472254222426766e-01 -7.835409452694761523e-01 -7.842923570180533321e-01 -7.794381232785408953e-01 -7.840611373606699575e-01 -7.800671634938581844e-01 -7.820339674418750331e-01
9.150000000000000355e+00 -7.616060773896244918e-01 -6.524230183557635510e-01 -7.271499710603799294e-01 -7.474685841260862995e-01 -7.369849915190411771e-01 -7.817076102819684458e-01 -7.953465061854907425e-01 -7.738486683916891984e-01 -7.856460411697684387e-01 -7.783343433314807713e-01 -7.758756703879419181e-01 -7.773475136552583376e-01 -7.786970341804234641e-01 -7.770642147163573377e-01 -7.787481031483857175e-01
9.200000000000001066e+00 -8.325763604352678371e-01 -7.457981441340861828e-01 -8.609716026965328339e-01 -8.099518751723018273e-01 -7.207318278031228376e-01 -7.783679496562794231e-01 -7.725998286588190433e-01 -7.628842047586680275e-01 -7.658647394997718516e-01 -7.803554663679423964e-01 -7.731125505067156789e-01 -7.713607476679790187e-01 -7.731871242969979852e-01 -7.734409719992028087e-01 -7.711168809802952939e-01
9.250000000000000000e+00 -8.830197633859200312e-01 -6.790022716563716143e-01 -8.487255587233487608e-01 -7.496798754717061142e-01 -7.724085925166679356e-01 -7.640965985358536550e-01 -7.754309775767939117e-01 -7.816581526444447148e-01 -7.662046671977570389e-01 -7.727676036082303801e-01 -7.731725561913517231e-01 -7.659723233212298865e-01 -7.720400887258389577e-01 -7.676500684248541706e-01 -7.694501361469006095e-01
9.300000000000000711e+00 -5.738187712328158829e-01 -8.329615406827721724e-01 -7.896412750861452334e-01 -7.735501742164515582e-01 -7.438311462696349796e-01 -7.343555075566381429e-01 -7.611326746693124479e-01 -7.624345311703680794e-01 -7.669549087293667800e-01 -7.714788967678534171e-01 -7.671181782919060943e-01 -7.687121641378602543e-01 -7.625743100819653009e-01 -7.653673611903443197e-01 -7.662083333949656350e-01
9.349999999999999645e+00 -7.880437140473794955e-01 -9.247550590614914690e-01 -7.643429235641210351e-01 -7.358818152690594916e-01 -7.366527926802577397e-01 -7.600583908395612820e-01 -7.844532035806308645e-01 -7.801539166780778745e-01 -7.666339230369528801e-01 -7.578921134553259220e-01 -7.693942377311168146e-01 -7.682580859105762050e-01 -7.608486053461140930e-01 -7.620317459343807220e-01 -7.618366814565825651e-01
9.400000000000000355e+00 -6.485641336886837083e-01 -8.905886703675540694e-01 -6.587202003882790535e-01 -7.878264010833725406e-01 -7.776773974992787775e-01 -7.815942204355075251e-01 -7.531870815947928621e-01 -7.585525902971823609e-01 -7.471529180022019601e-01 -7.621900317950786041e-01 -7.605648052653718461e-01 -7.626883604552495699e-01 -7.627418029810685285e-01 -7.632528889624824453e-01 -7.592830811112958322e-01
9.450000000000001066e+00 -6.927232965043926827e-01 -8.524746868716767123e-01 -7.620436929546197113e-01 -8.130781146507636281e-01 -7.683699123607565795e-01 -7.551931166319590938e-01 -7.704910542402715334e-01 -7.740222465766771753e-01 -7.633842586358015048e-01 -7.567440362875638149e-01 -7.590327571288438824e-01 -7.599482530351403531e-01 -7.573825023144420410e-01 -7.583495491188388948e-01 -7.579368190290020069e-01
9.500000000000000000e+00 -8.925599432309377912e-01 -7.043896300124224963e-01 -7.083619467802603209e-01 -7.541296690098234778e-01 -7.571598503769939592e-01 -7.671044509652150678e-01 -7.568490886051657540e-01 -7.515687048983663576e-01 -7.434184739670562925e-01 -7.643500940686143164e-01 -7.635023851125101180e-01 -7.607559741432617928e-01 -7.552095013829454029e-01 -7.590366080842899654e-01 -7.583420306923390752e-01
9.550000000000000711e+00 -6.703192378069195989e-01 -8.591238082081325000e-01 -7.514819277529382058e-01 -7.722190794629885113e-01 -7.445057113771568202e-01 -7.819545995684586970e-01 -7.597427248779212716e-01 -7.634143120282880224e-01 -7.573108283273262131e-01 -7.592170882309140501e-01 -7.554920881971010083e-01 -7.575393980325881849e-01 -7.576274753385716654e-01 -7.592751932061253539e-01 -7.583781557346718216e-01
9.600000000000001421e+00 -8.759587821265657492e-01 -7.445142960559498757e-01 -7.374040848241691926e-01 -7.782970669320045110e-01 -7.555584903232684946e-01 -7.742742416617219847e-01 -7.647884562893217941e-01 -7.701981903010352015e-01 -7.605781713173203062e-01 -7.590690335084748774e-01 -7.612465703196077405e-01 -7.555677376767118147e-01 -7.554641509957021883e-01 -7.565068229194570337e-01 -7.561242424032795784e-01
9.650000000000000355e+00 -7.700623452577537442e-01 -8.039794179836160515e-01 -8.336066975887160835e-01 -7.821775368084430413e-01 -7.384828150095907873e-01 -7.762543334629720126e-01 -7.411610618187581823e-01 -7.630627007129062722e-01 -7.621446963939441099e-01 -7.684538468341958195e-01 -7.545956143056120613e-01 -7.606399304443696163e-01 -7.605673880899084249e-01 -7.603231375412470294e-01 -7.586290500369082812e-01
9.700000000000001066e+00 -6.082336396954753921e-01 -7.177287128581596454e-01 -8.325303117194050584e-01 -7.354267076864052788e-01 -7.607759790807965272e-01 -7.592043627557532037e-01 -7.571721122586906327e-01 -7.713979107181738737e-01 -7.507382051496812592e-01 -7.572161887019597248e-01 -7.606488024703578210e-01 -7.567292130835170383e-01 -7.571508435409700644e-01 -7.625873469933276416e-01 -7.606772021393660710e-01
9.750000000000000000e+00 -8.046993361199236139e-01 -7.183944346286039728e-01 -7.277229217836751474e-01 -7.749066894341060108e-01 -7.863395802794685974e-01 -7.774402497691774716e-01 -7.572515677269028300e-01 -7.665706531793431422e-01 -7.568189648189250773e-01 -7.658534202396006796e-01 -7.606441525657630098e-01 -7.666373987983022831e-01 -7.640326913680773879e-01 -7.654299648479040430e-01 -7.590777993911781429e-01
9.800000000000000711e+00 -6.760733287265960900e-01 -7.737173814510290848e-01 -7.422346390275451622e-01 -7.280873007497172811e-01 -7.628791623594326499e-01 -7.761628909386307784e-01 -7.544920291728112183e-01 -7.518752610543701920e-01 -7.675848189641463204e-01 -7.715341351445126339e-01 -7.654691902425062588e-01 -7.620698942609586135e-01 -7.676204020825889707e-01 -7.649143831739571020e-01 -7.655910517334211240e-01
9.850000000000001421e+00 -7.572511345651264936e-01 -7.113550695163851634e-01 -8.334456303817993073e-01 -8.323429690276681336e-01 -7.651249971673115269e-01 -7.610075612687807745e-01 -7.880823964729476439e-01 -7.907797749230781603e-01 -7.748143906894842114e-01 -7.608927834816143765e-01 -7.698735269236502976e-01 -7.691792035456683774e-01 -7.681243143301809129e-01 -7.705198911752204616e-01 -7.685569609782874068e-01
9.900000000000000355e+00 -6.885239341027468152e-01 -6.646105024657842364e-01 -7.656871932737130404e-01 -7.466473188384432635e-01 -7.415734545222718577e-01 -8.186952098843278680e-01 -7.673389295895427509e-01 -7.712961083888987268e-01 -7.676520970671377730e-01 -7.724310790699548956e-01 -7.701277425229785534e-01 -7.726567644408972590e-01 -7.708725861068893570e-01 -7.715775915936289309e-01 -7.709781044102517189e-01
9.950000000000001066e+00 -7.536724889786489134e-01 -7.377292726396221800e-01 -9.310327572588307232e-01 -7.182004812532420956e-01 -8.025981211387400727e-01 -7.928002470765994625e-01 -7.682230770441409451e-01 -7.675646149598226442e-01 -7.723472841792643484e-01 -7.788272554985166130e-01 -7.674067483292553726e-01 -7.796229805309465855e-01 -7.791480470434128947e-01 -7.771262158440638279e-01 -7.785383711865361267e-01
1.000000000000000000e+01 -7.577418054025978345e-01 -7.881202734710335278e-01 -7.240953671870653530e-01 -8.352827886923430700e-01 -7.573095721135576497e-01 -7.651959633617114731e-01 -7.691179784433217481e-01 -7.827314604641175677e-01 -7.849719321077278655e-01 -7.765739415342123309e-01 -7.895513946351095935e-01 -7.830205620910183351e-01 -7.834908815217028755e-01 -7.840021461106153611e-01 -7.818888392070479920e-01
